kinematics:
  shoulder:
    x: 0
    y: 0
    z: 0.1519818890205373
    roll: -0
    pitch: 0
    yaw: 1.123525181345036e-07
  upper_arm:
    x: -0.0002399260932273968
    y: 0
    z: 0
    roll: 1.57152962053124
    pitch: 0
    yaw: -1.811426840253679e-06
  forearm:
    x: -0.2438986129558927
    y: 0
    z: 0
    roll: 3.139775401550229
    pitch: 3.140842866375869
    yaw: 3.141588219637486
  wrist_1:
    x: -0.213452959572747
    y: -0.0004097113327312415
    z: 0.1310948264467179
    roll: 0.003125294947847399
    pitch: -0.0001684127810518274
    yaw: 8.705760175476271e-06
  wrist_2:
    x: 8.657078894715705e-05
    y: -0.08542862070241179
    z: -6.963182250561117e-05
    roll: 1.571611414367571
    pitch: 0
    yaw: 1.746053927269287e-06
  wrist_3:
    x: -0.0002371417311218513
    y: 0.09247653214891595
    z: -0.0001404081524233087
    roll: 1.569278016784044
    pitch: 3.141592653589793
    yaw: 3.141592637607012
  hash: calib_15157698922019042615